%YAML:1.0
---
M1: !!opencv-matrix
   rows: 3
   cols: 3
   dt: d
   data: [ 523.86874237714142, 0., 327.18990458791274, 0.,
       523.82602916669941, 248.0113092623254, 0., 0., 1. ]
d1: !!opencv-matrix
   rows: 1
   cols: 5
   dt: d
   data: [ -0.064146644973195985, 0.26069762055384627,
       -0.00033874254726754655, 0.00073550223909684092,
       -0.26347175984737031 ]
M2: !!opencv-matrix
   rows: 3
   cols: 3
   dt: d
   data: [ 522.20444251605318, 0., 331.87838917180471, 0.,
       521.97930016206317, 236.44834118844221, 0., 0., 1. ]
d2: !!opencv-matrix
   rows: 1
   cols: 5
   dt: d
   data: [ -0.060551910591860839, 0.23720136978641571,
       -0.00062327504165474829, 6.0049963193826219e-05,
       -0.21457939006800661 ]
R: !!opencv-matrix
   rows: 3
   cols: 3
   dt: d
   data: [ 0.99999986317831646, -0.00016963137746340979,
       0.00049484193861880355, 0.00017077933633201671,
       0.99999729251853364, -0.0023207304928553841,
       -0.00049444693013319979, 0.0023208146841069976,
       0.99999718466675458 ]
T: !!opencv-matrix
   rows: 3
   cols: 1
   dt: d
   data: [ 58.637010939018602, -0.26670728971096008, -2.0331812822651614 ]
